Graph #0 from AudioThread1
5.38330 -137.05070
8.07495 -5.22009
10.76660 -5.22009
13.45825 -5.22009
16.14990 -5.22009
18.84155 -5.22009
21.53320 -5.22009
24.22486 -5.22009
26.91650 -5.22009
29.60815 -5.22009
32.29980 -14.20049
34.99145 -14.20049
37.68310 -14.20049
40.37476 -14.20049
43.06640 -14.20049
45.75805 -14.20049
48.44971 -14.20049
51.14135 -14.20049
53.83299 -22.66147
59.21630 -22.66147
64.59962 -22.66147
69.98292 -22.66147
75.36620 -22.66147
80.74951 -22.66147
88.82446 -22.66147
96.89941 -22.66147
104.97437 -22.66147
113.04932 -22.66147
123.81591 -22.66147
134.58250 -27.90322
148.04074 -27.90322
161.49902 -27.90322
177.64891 -27.90322
193.79883 -27.90322
212.64032 -27.90322
231.48192 -27.90322
253.01512 -27.90322
277.24002 -27.90322
304.15646 -27.90322
333.76465 -27.90322
366.06439 -32.91705
401.05579 -32.91705
441.43054 -32.91705
484.49704 -32.91705
532.94672 -32.91705
584.08795 -32.91705
640.61267 -32.91705
705.21240 -32.91705
775.19519 -32.91705
853.25293 -32.91705
939.38599 -32.91705
1033.59387 -70.59600
1135.87634 -70.59600
1248.92566 -70.59600
1372.74170 -70.59600
1510.01489 -70.59600
1660.74805 -70.59600
1827.62964 -70.59600
2010.66211 -70.59600
2212.53516 -70.59600
2435.94287 -70.59600
2680.88403 -70.59600
2950.04858 -97.98534
3246.13037 -97.98534
3571.81885 -97.98534
3932.49976 -97.98534
4328.17139 -97.98534
4764.21875 -97.98534
5243.33301 -97.98534
5770.89551 -97.98534
6352.29199 -97.98534
6992.90283 -97.98534
7698.11768 -97.98534
8473.31250 -137.05070
9326.56836 -137.05070
10265.95508 -137.05070
11302.23535 -137.05070
12443.49609 -137.05070
13697.80176 -137.05070
15078.61523 -137.05070
16599.40820 -137.05070
18273.60352 -137.05070
20117.39648 -137.05070
Graph #1 from AudioThread1
2.69198 -228.67459
5.38396 -236.15727
8.07594 -227.61426
10.76791 -183.80460
13.45989 -227.18181
16.15187 -234.03043
18.84385 -228.77654
21.53583 -177.59169
24.22781 -227.51483
26.91979 -233.45129
29.61176 -228.45876
32.30375 -179.84224
34.99573 -227.42172
37.68771 -237.79431
40.37968 -230.04138
43.07167 -177.37355
45.76364 -227.36520
48.45562 -233.70827
51.14760 -230.20807
53.83958 -184.99689
56.53155 -228.27596
59.22354 -241.28117
61.91550 -234.41315
64.60748 -185.97458
67.29947 -228.96231
69.99145 -236.34576
72.68342 -231.14514
75.37541 -178.31334
78.06738 -228.21851
80.75936 -241.20775
83.45135 -234.14259
86.14331 -180.50516
88.83529 -227.89192
91.52726 -232.96796
94.21925 -237.20512
96.91125 -177.70775
99.60323 -231.09097
102.29519 -239.46983
104.98715 -238.35811
107.67915 -192.50868
110.37112 -229.82103
113.06311 -234.92932
115.75508 -237.01289
118.44704 -196.52090
121.13905 -231.24565
123.83102 -237.20575
126.52299 -235.66855
129.21498 -179.37703
131.90695 -231.74017
134.59895 -234.96899
137.29092 -238.56584
139.98288 -175.61641
142.67488 -234.08308
145.36685 -237.18294
148.05884 -236.49802
150.75082 -180.70099
153.44283 -230.77608
156.13478 -232.89276
158.82674 -237.58917
161.51871 -0.33127
164.21068 -238.28801
166.90265 -233.10834
169.59467 -230.27393
172.28662 -184.21086
174.97864 -237.15919
177.67059 -236.98698
180.36258 -234.16513
183.05452 -181.86520
185.74654 -238.68163
188.43854 -234.87596
191.13049 -231.29366
193.82245 -181.57820
196.51450 -236.57092
199.20641 -236.67546
201.89836 -231.24675
204.59042 -174.52878
207.28238 -236.66328
209.97437 -234.87218
212.66631 -229.46089
215.35828 -187.45325
218.05025 -239.62749
220.74232 -238.46919
223.43420 -230.94882
