Graph #0 from AudioThread1
5.38330 -3.06458
8.07495 -4.98520
10.76660 -6.75182
13.45825 -8.59975
16.14990 -10.65433
18.84155 -13.05199
21.53320 -15.91823
24.22486 -19.27374
26.91650 -22.94807
29.60815 -26.66919
32.29980 -30.24812
34.99145 -33.60865
37.68310 -36.74066
40.37476 -39.67727
43.06640 -42.42297
45.75805 -44.99600
48.44971 -47.41278
51.14135 -49.68631
53.83299 -51.82708
59.21630 -51.82708
64.59962 -59.41881
69.98292 -59.41881
75.36620 -65.76021
80.74951 -68.37759
88.82446 -68.37759
96.89941 -70.57266
104.97437 -70.57266
113.04932 -54.49908
123.81591 -55.36828
134.58250 -55.36828
148.04074 -57.18565
161.49902 -57.18565
177.64891 -59.13212
193.79883 -59.13212
212.64032 -61.17487
231.48192 -62.19183
253.01512 -62.19183
277.24002 -64.41139
304.15646 -65.58196
333.76465 -66.77628
366.06439 -67.98170
401.05579 -69.19682
441.43054 -70.49987
484.49704 -70.49987
532.94672 -73.57868
584.08795 -75.14236
640.61267 -76.72210
705.21240 -78.37106
775.19519 -80.02921
853.25293 -81.68757
939.38599 -83.34016
1033.59387 -85.06932
1135.87634 -86.65114
1248.92566 -88.30730
1372.74170 -89.98083
1510.01489 -91.66738
1660.74805 -93.33871
1827.62964 -94.97981
2010.66211 -96.62289
2212.53516 -98.30753
2435.94287 -100.01009
2680.88403 -101.71323
2950.04858 -101.71323
3246.13037 -105.03654
3571.81885 -106.50679
3932.49976 -107.88801
4328.17139 -107.88801
4764.21875 -110.96443
5243.33301 -112.51010
5770.89551 -114.11807
6352.29199 -115.77486
6992.90283 -117.48324
7698.11768 -121.41824
8473.31250 -123.14561
9326.56836 -124.84290
10265.95508 -126.51145
11302.23535 -inf
12443.49609 -inf
13697.80176 -inf
15078.61523 -inf
16599.40820 -inf
18273.60352 -inf
20117.39648 -inf
Graph #1 from AudioThread1
5.38330 -203.99139
8.07495 -171.69789
10.76660 -150.12811
13.45825 -134.72806
16.14990 -123.53501
18.84155 -115.51027
21.53320 -109.96032
24.22486 -106.29662
26.91650 -103.97731
29.60815 -102.54633
32.29980 -101.66909
34.99145 -101.12502
37.68310 -100.15279
40.37476 -100.11185
43.06640 -100.42122
45.75805 -100.32446
48.44971 -100.25734
51.14135 -100.20936
53.83299 -100.17426
59.21630 -100.12800
64.59962 -100.10005
69.98292 -100.08143
75.36620 -100.06802
80.74951 -100.05769
88.82446 -100.04555
96.89941 -100.03709
104.97437 -100.03311
113.04932 -100.02979
123.81591 -100.02592
134.58250 -100.02219
148.04074 -100.01796
161.49902 -100.01558
177.64891 -100.01297
193.79883 -100.01103
212.64032 -100.01110
231.48192 -100.01470
253.01512 -100.01337
277.24002 -100.01194
304.15646 -100.01043
333.76465 -100.00884
366.06439 -100.00716
401.05579 -100.00622
441.43054 -100.00568
484.49704 -100.00517
532.94672 -100.00462
584.08795 -100.00409
640.61267 -100.00352
705.21240 -100.00292
775.19519 -100.00227
853.25293 -100.00160
939.38599 -100.00088
1033.59387 -100.00062
1135.87634 -100.00041
1248.92566 -100.00021
1372.74170 -100.00004
1510.01489 -99.99989
1660.74805 -99.99981
1827.62964 -99.99982
2010.66211 -100.00012
2212.53516 -100.00075
2435.94287 -100.00173
2680.88403 -100.00321
2950.04858 -100.00542
3246.13037 -100.00869
3571.81885 -100.01353
3932.49976 -100.02077
4328.17139 -100.03146
4764.21875 -100.04716
5243.33301 -100.07012
5770.89551 -100.10379
6352.29199 -100.15318
6992.90283 -100.22559
7698.11768 -100.33167
8473.31250 -100.48664
9326.56836 -100.71301
10265.95508 -101.04317
11302.23535 -101.52435
12443.49609 -102.22177
13697.80176 -103.22434
15078.61523 -104.65549
16599.40820 -106.67574
18273.60352 -109.48158
20117.39648 -113.29991
