Graph #0 from AudioThread1
5.38330 -inf
8.07495 -inf
10.76660 -inf
13.45825 -inf
16.14990 -inf
18.84155 -inf
21.53320 -inf
24.22486 -150.88956
26.91650 -150.88956
29.60815 -150.88956
32.29980 -150.88956
34.99145 -150.88956
37.68310 -150.88956
40.37476 -150.88956
43.06640 -150.88956
45.75805 -150.88956
48.44971 -150.72182
51.14135 -150.72182
53.83299 -150.72182
59.21630 -150.72182
64.59962 -150.72182
69.98292 -150.72182
75.36620 -150.72182
80.74951 -150.72182
88.82446 -150.72182
96.89941 -150.72182
104.97437 -150.72182
113.04932 -155.63040
123.81591 -155.63040
134.58250 -155.63040
148.04074 -155.63040
161.49902 -155.63040
177.64891 -155.63040
193.79883 -155.63040
212.64032 -155.63040
231.48192 -155.63040
253.01512 -155.63040
277.24002 -155.63040
304.15646 -164.95181
333.76465 -164.95181
366.06439 -164.95181
401.05579 -164.95181
441.43054 -164.95181
484.49704 -164.95181
532.94672 -164.95181
584.08795 -164.95181
640.61267 -164.95181
705.21240 -164.95181
775.19519 -164.95181
853.25293 -168.10849
939.38599 -168.10849
1033.59387 -168.10849
1135.87634 -168.10849
1248.92566 -168.10849
1372.74170 -168.10849
1510.01489 -168.10849
1660.74805 -168.10849
1827.62964 -168.10849
2010.66211 -168.10849
2212.53516 -168.10849
2435.94287 -175.13969
2680.88403 -175.13969
2950.04858 -175.13969
3246.13037 -175.13969
3571.81885 -175.13969
3932.49976 -175.13969
4328.17139 -175.13969
4764.21875 -175.13969
5243.33301 -175.13969
5770.89551 -175.13969
6352.29199 -175.13969
6992.90283 -175.26860
7698.11768 -175.26860
8473.31250 -175.26860
9326.56836 -175.26860
10265.95508 -175.26860
11302.23535 -175.26860
12443.49609 -175.26860
13697.80176 -175.26860
15078.61523 -175.26860
16599.40820 -175.26860
18273.60352 -175.26860
20117.39648 -inf
Graph #1 from AudioThread1
2.69198 -198.66640
5.38396 -201.19197
8.07594 -200.55490
10.76791 -168.99664
13.45989 -202.93547
16.15187 -201.24332
18.84385 -201.92508
21.53583 -180.18961
24.22781 -207.04007
26.91979 -201.30989
29.61176 -199.93842
32.30375 -169.23932
34.99573 -204.35135
37.68771 -204.56221
40.37968 -201.01070
43.07167 -179.69586
45.76364 -203.32405
48.45562 -209.93246
51.14760 -213.43404
53.83958 -169.57001
56.53155 -201.79642
59.22354 -200.35280
61.91550 -202.51292
64.60748 -178.29663
67.29947 -211.87584
69.99145 -207.98981
72.68342 -205.79979
75.37541 -178.45854
78.06738 -204.30911
80.75936 -203.27946
83.45135 -200.61346
86.14331 -170.36288
88.83529 -213.15741
91.52726 -207.21448
94.21925 -206.29436
96.91125 -173.83226
99.60323 -205.84779
102.29519 -201.54535
104.98715 -203.32742
107.67915 -183.97221
110.37112 -206.17964
113.06311 -210.73982
115.75508 -213.56149
118.44704 -170.49855
121.13905 -208.25632
123.83102 -208.91782
126.52299 -217.81242
129.21498 -190.03625
131.90695 -202.18536
134.59895 -203.92006
137.29092 -214.03149
139.98288 -186.28424
142.67488 -207.35760
145.36685 -208.83107
148.05884 -209.70341
150.75082 -182.31429
153.44283 -212.59229
156.13478 -206.50040
158.82674 -206.46402
161.51871 -163.92038
164.21068 -205.06621
166.90265 -208.44014
169.59467 -209.76033
172.28662 -182.04623
174.97864 -210.19600
177.67059 -204.26785
180.36258 -207.37601
183.05452 -180.64536
185.74654 -203.14587
188.43854 -212.41237
191.13049 -203.32219
193.82245 -177.55023
196.51450 -205.31467
199.20641 -214.43408
201.89836 -204.03444
204.59042 -172.88101
207.28238 -199.83617
209.97437 -205.02995
212.66631 -208.78665
215.35828 -179.95166
218.05025 -208.45181
220.74232 -206.76166
223.43420 -207.09178
