Graph #0 from AudioThread1
5.38330 -5.38449
8.07495 -7.31614
10.76660 -9.15075
13.45825 -11.00712
16.14990 -12.94028
18.84155 -14.97211
21.53320 -17.09776
24.22486 -19.28127
26.91650 -21.46786
29.60815 -23.60464
32.29980 -25.65458
34.99145 -27.59840
37.68310 -29.43518
40.37476 -31.17447
43.06640 -32.81561
45.75805 -34.36627
48.44971 -35.83435
51.14135 -37.22702
53.83299 -38.55107
59.21630 -41.01643
64.59962 -43.26954
69.98292 -45.33923
75.36620 -47.24655
80.74951 -49.00787
88.82446 -51.40822
96.89941 -53.60144
104.97437 -55.64804
113.04932 -57.53682
123.81591 -59.83676
134.58250 -61.90469
148.04074 -64.16884
161.49902 -64.16884
177.64891 -63.48632
193.79883 -63.48632
212.64032 -62.50103
231.48192 -59.24160
253.01512 -60.51041
277.24002 -61.86410
304.15646 -63.26120
333.76465 -64.68661
366.06439 -66.12625
401.05579 -67.57594
441.43054 -69.12454
484.49704 -70.63992
532.94672 -72.21288
584.08795 -73.72443
640.61267 -75.26765
705.21240 -76.87780
775.19519 -78.46796
853.25293 -80.07735
939.38599 -81.68111
1033.59387 -83.29539
1135.87634 -84.90728
1248.92566 -86.53040
1372.74170 -88.15592
1510.01489 -89.79314
1660.74805 -91.42040
1827.62964 -93.02032
2010.66211 -94.61813
2212.53516 -96.25268
2435.94287 -97.89810
2680.88403 -99.53847
2950.04858 -101.15809
3246.13037 -102.73164
3571.81885 -104.16335
3932.49976 -105.51852
4328.17139 -106.98815
4764.21875 -108.47098
5243.33301 -109.96451
5770.89551 -111.51340
6352.29199 -113.09644
6992.90283 -114.71781
7698.11768 -117.34348
8473.31250 -118.86626
9326.56836 -120.39896
10265.95508 -121.99396
11302.23535 -inf
12443.49609 -inf
13697.80176 -inf
15078.61523 -inf
16599.40820 -inf
18273.60352 -inf
20117.39648 -inf
Graph #1 from AudioThread1
5.38330 -100.28185
8.07495 -100.10381
10.76660 -100.05341
13.45825 -100.03281
16.14990 -100.02192
18.84155 -100.01542
21.53320 -100.01122
24.22486 -100.00833
26.91650 -100.00626
29.60815 -100.00472
32.29980 -100.00356
34.99145 -100.00264
37.68310 -100.00192
40.37476 -100.00134
43.06640 -100.00085
45.75805 -100.00046
48.44971 -100.00012
51.14135 -99.99983
53.83299 -99.99960
59.21630 -99.99921
64.59962 -99.99890
69.98292 -99.99868
75.36620 -99.99850
80.74951 -99.99835
88.82446 -99.99816
96.89941 -99.99805
104.97437 -99.99794
113.04932 -99.99786
123.81591 -99.99778
134.58250 -99.99771
148.04074 -99.99765
161.49902 -99.99760
177.64891 -99.99757
193.79883 -99.99754
212.64032 -99.99752
231.48192 -99.99751
253.01512 -99.99750
277.24002 -99.99750
304.15646 -99.99750
333.76465 -99.99750
366.06439 -99.99752
401.05579 -99.99754
441.43054 -99.99758
484.49704 -99.99762
532.94672 -99.99767
584.08795 -99.99773
640.61267 -99.99778
705.21240 -99.99788
775.19519 -99.99799
853.25293 -99.99812
939.38599 -99.99830
1033.59387 -99.99850
1135.87634 -99.99873
1248.92566 -99.99902
1372.74170 -99.99936
1510.01489 -99.99979
1660.74805 -100.00031
1827.62964 -100.00094
2010.66211 -100.00169
2212.53516 -100.00260
2435.94287 -100.00373
2680.88403 -100.00507
2950.04858 -100.00671
3246.13037 -100.00869
3571.81885 -100.01109
3932.49976 -100.01402
4328.17139 -100.01756
4764.21875 -100.02185
5243.33301 -100.02705
5770.89551 -100.03336
6352.29199 -100.04105
6992.90283 -100.05039
7698.11768 -100.06175
8473.31250 -100.07555
9326.56836 -100.09233
10265.95508 -100.11279
11302.23535 -100.13780
12443.49609 -100.16837
13697.80176 -100.20570
15078.61523 -100.25146
16599.40820 -100.30764
18273.60352 -100.37680
20117.39648 -100.46212
