Graph #0 from AudioThread1
5.38330 -82.65271
8.07495 -82.65271
10.76660 -82.65271
13.45825 -91.71719
16.14990 -91.71719
18.84155 -91.71719
21.53320 -99.76701
24.22486 -99.76701
26.91650 -99.76701
29.60815 -105.47801
32.29980 -105.47801
34.99145 -105.47801
37.68310 -109.87154
40.37476 -109.87154
43.06640 -109.87154
45.75805 -113.17354
48.44971 -113.17422
51.14135 -113.17422
53.83299 -116.14084
59.21630 -116.14084
64.59962 -116.14084
69.98292 -120.59862
75.36620 -120.59862
80.74951 -120.59862
88.82446 -124.50474
96.89941 -124.50474
104.97437 -124.50474
113.04932 -128.90027
123.81591 -128.90027
134.58250 -128.90027
148.04074 -133.43066
161.49902 -133.43066
177.64891 -133.43066
193.79883 -138.16956
212.64032 -138.16956
231.48192 -138.16956
253.01512 -142.25604
277.24002 -142.25604
304.15646 -142.25604
333.76465 -143.39778
366.06439 -143.39778
401.05579 -143.39778
441.43054 -151.59827
484.49704 -151.59827
532.94672 -151.59827
584.08795 -155.35112
640.61267 -155.35112
705.21240 -155.35112
775.19519 -157.90440
853.25293 -157.90440
939.38599 -159.95868
1033.59387 -159.95868
1135.87634 -159.95868
1248.92566 -160.24416
1372.74170 -160.24416
1510.01489 -160.24416
1660.74805 -164.27231
1827.62964 -164.27231
2010.66211 -164.27231
2212.53516 -166.96706
2435.94287 -166.96706
2680.88403 -166.96706
2950.04858 -168.47516
3246.13037 -168.47516
3571.81885 -168.47516
3932.49976 -173.53940
4328.17139 -173.53940
4764.21875 -173.53940
5243.33301 -173.81454
5770.89551 -173.81454
6352.29199 -173.81454
6992.90283 -178.18748
7698.11768 -178.18748
8473.31250 -178.18748
9326.56836 -191.73953
10265.95508 -191.73953
11302.23535 -191.73953
12443.49609 -inf
13697.80176 -inf
15078.61523 -inf
16599.40820 -inf
18273.60352 -inf
20117.39648 -inf
Graph #1 from AudioThread1
5.38330 -205.44923
8.07495 -171.57608
10.76660 -148.39085
13.45825 -131.27478
16.14990 -118.28195
18.84155 -108.43272
21.53320 -101.68228
24.22486 -100.11532
26.91650 -100.07990
29.60815 -100.06184
32.29980 -100.05382
34.99145 -100.04655
37.68310 -100.03967
40.37476 -100.03766
43.06640 -100.03611
45.75805 -100.03465
48.44971 -100.03329
51.14135 -100.03198
53.83299 -100.03072
59.21630 -100.02831
64.59962 -100.02601
69.98292 -100.02374
75.36620 -100.02154
80.74951 -100.01936
88.82446 -100.01620
96.89941 -100.01518
104.97437 -100.01448
113.04932 -100.01363
123.81591 -100.01244
134.58250 -100.01130
148.04074 -99.99764
161.49902 -99.99759
177.64891 -99.99757
193.79883 -99.99754
212.64032 -99.99752
231.48192 -99.99751
253.01512 -100.00423
277.24002 -100.00367
304.15646 -100.00307
333.76465 -100.00241
366.06439 -100.00170
401.05579 -100.00135
441.43054 -100.00122
484.49704 -100.00108
532.94672 -100.00094
584.08795 -100.00080
640.61267 -100.00065
705.21240 -100.00049
775.19519 -100.00032
853.25293 -100.00016
939.38599 -99.99998
1033.59387 -100.00008
1135.87634 -100.00022
1248.92566 -100.00040
1372.74170 -100.00063
1510.01489 -100.00092
1660.74805 -100.00130
1827.62964 -100.00176
2010.66211 -100.00243
2212.53516 -100.00331
2435.94287 -100.00437
2680.88403 -100.00568
2950.04858 -100.00725
3246.13037 -100.00917
3571.81885 -100.01149
3932.49976 -100.01437
4328.17139 -100.01789
4764.21875 -100.02217
5243.33301 -100.02735
5770.89551 -100.03365
6352.29199 -100.04131
6992.90283 -100.05062
7698.11768 -100.06195
8473.31250 -100.07571
9326.56836 -100.09248
10265.95508 -100.11293
11302.23535 -100.13792
12443.49609 -100.16848
13697.80176 -100.20580
15078.61523 -100.25153
16599.40820 -100.30772
18273.60352 -100.37685
20117.39648 -100.46217
