Graph #0 from AudioThread1
-100.00000 -100.00902
-99.00000 -99.00902
-98.00000 -98.00902
-97.00000 -97.00902
-96.00000 -96.00903
-95.00000 -95.00902
-94.00000 -94.00902
-93.00000 -93.00902
-92.00000 -92.00902
-91.00000 -91.00903
-90.00000 -90.00902
-89.00000 -89.00902
-88.00000 -88.00903
-87.00000 -87.00903
-86.00000 -86.00903
-85.00000 -85.00903
-84.00000 -84.00903
-83.00000 -83.00903
-82.00000 -82.00903
-81.00000 -81.00903
-80.00000 -80.00903
-79.00000 -79.00904
-78.00000 -78.00904
-77.00000 -77.00904
-76.00000 -76.00904
-75.00000 -75.00905
-74.00000 -74.00906
-73.00000 -73.00906
-72.00000 -72.00906
-71.00000 -71.00906
-70.00000 -70.00907
-69.00000 -69.00909
-68.00000 -68.00909
-67.00000 -67.00909
-66.00000 -66.00911
-65.00000 -65.00912
-64.00000 -64.00913
-63.00000 -63.00915
-62.00000 -62.00916
-61.00000 -61.00918
-60.00000 -60.00920
-59.00000 -59.00923
-58.00000 -58.00925
-57.00000 -57.00928
-56.00000 -56.00931
-55.00000 -55.00935
-54.00000 -54.00939
-53.00000 -53.00944
-52.00000 -52.00949
-51.00000 -51.00955
-50.00000 -50.00962
-49.00000 -49.00969
-48.00000 -48.00978
-47.00000 -47.00987
-46.00000 -46.00998
-45.00000 -45.01010
-44.00000 -44.01024
-43.00000 -43.01040
-42.00000 -42.01057
-41.00000 -41.01077
-40.00000 -40.01101
-39.00000 -39.01126
-38.00000 -38.01156
-37.00000 -37.01190
-36.00000 -36.01229
-35.00000 -35.01273
-34.00000 -34.01325
-33.00000 -33.01383
-32.00000 -32.01450
-31.00000 -31.01528
-30.00000 -30.01619
-29.00000 -29.01724
-28.00000 -28.01847
-27.00000 -27.01991
-26.00000 -26.02159
-25.00000 -25.02357
-24.00000 -24.02592
-23.00000 -23.02868
-22.00000 -22.03197
-21.00000 -21.04910
-20.00000 -20.67366
-19.00000 -20.46372
-18.00000 -20.30443
-17.00000 -20.17381
-16.00000 -20.06253
-15.00000 -19.96553
-14.00000 -19.87959
-13.00000 -19.80262
-12.00000 -19.73308
-11.00000 -19.66981
-10.00000 -19.61191
-9.00000 -19.55861
-8.00000 -19.50834
-7.00000 -19.46041
-6.00000 -19.41480
-5.00000 -19.37108
-4.00000 -19.32923
-3.00000 -19.28913
-2.00000 -19.25070
-1.00000 -19.21381
0.00000 -19.17837
Graph #1 from AudioThread1
-100.00000 -100.00902
-99.00000 -99.00902
-98.00000 -98.00902
-97.00000 -97.00902
-96.00000 -96.00903
-95.00000 -95.00902
-94.00000 -94.00902
-93.00000 -93.00902
-92.00000 -92.00902
-91.00000 -91.00903
-90.00000 -90.00902
-89.00000 -89.00902
-88.00000 -88.00903
-87.00000 -87.00903
-86.00000 -86.00903
-85.00000 -85.00903
-84.00000 -84.00903
-83.00000 -83.00903
-82.00000 -82.00903
-81.00000 -81.00903
-80.00000 -80.00903
-79.00000 -79.00904
-78.00000 -78.00904
-77.00000 -77.00904
-76.00000 -76.00904
-75.00000 -75.00905
-74.00000 -74.00906
-73.00000 -73.00906
-72.00000 -72.00906
-71.00000 -71.00906
-70.00000 -70.00907
-69.00000 -69.00909
-68.00000 -68.00909
-67.00000 -67.00909
-66.00000 -66.00911
-65.00000 -65.00912
-64.00000 -64.00913
-63.00000 -63.00915
-62.00000 -62.00916
-61.00000 -61.00918
-60.00000 -60.00920
-59.00000 -59.00923
-58.00000 -58.00925
-57.00000 -57.00928
-56.00000 -56.00931
-55.00000 -55.00935
-54.00000 -54.00939
-53.00000 -53.00944
-52.00000 -52.00949
-51.00000 -51.00955
-50.00000 -50.00962
-49.00000 -49.00969
-48.00000 -48.00978
-47.00000 -47.00987
-46.00000 -46.00998
-45.00000 -45.01010
-44.00000 -44.01024
-43.00000 -43.01040
-42.00000 -42.01057
-41.00000 -41.01077
-40.00000 -40.01101
-39.00000 -39.01126
-38.00000 -38.01156
-37.00000 -37.01190
-36.00000 -36.01229
-35.00000 -35.01273
-34.00000 -34.01325
-33.00000 -33.01383
-32.00000 -32.01450
-31.00000 -31.01528
-30.00000 -30.01619
-29.00000 -29.01724
-28.00000 -28.01847
-27.00000 -27.01991
-26.00000 -26.02159
-25.00000 -25.02357
-24.00000 -24.02592
-23.00000 -23.02868
-22.00000 -22.03197
-21.00000 -21.04910
-20.00000 -20.67366
-19.00000 -20.46372
-18.00000 -20.30443
-17.00000 -20.17381
-16.00000 -20.06253
-15.00000 -19.96553
-14.00000 -19.87959
-13.00000 -19.80262
-12.00000 -19.73308
-11.00000 -19.66981
-10.00000 -19.61191
-9.00000 -19.55861
-8.00000 -19.50834
-7.00000 -19.46041
-6.00000 -19.41480
-5.00000 -19.37108
-4.00000 -19.32923
-3.00000 -19.28913
-2.00000 -19.25070
-1.00000 -19.21381
0.00000 -19.17837
