Graph #0 from AudioThread1
-100.00000 -100.00902
-99.00000 -99.00901
-98.00000 -98.00902
-97.00000 -97.00902
-96.00000 -96.00902
-95.00000 -95.00902
-94.00000 -94.00902
-93.00000 -93.00902
-92.00000 -92.00902
-91.00000 -91.00903
-90.00000 -90.00902
-89.00000 -89.00902
-88.00000 -88.00903
-87.00000 -87.00902
-86.00000 -86.00903
-85.00000 -85.00903
-84.00000 -84.00902
-83.00000 -83.00903
-82.00000 -82.00903
-81.00000 -81.00903
-80.00000 -80.00903
-79.00000 -79.00903
-78.00000 -78.00903
-77.00000 -77.00903
-76.00000 -76.00903
-75.00000 -75.00904
-74.00000 -74.00904
-73.00000 -73.00905
-72.00000 -72.00905
-71.00000 -71.00905
-70.00000 -70.00906
-69.00000 -69.00906
-68.00000 -68.00907
-67.00000 -67.00907
-66.00000 -66.00908
-65.00000 -65.00909
-64.00000 -64.00910
-63.00000 -63.00911
-62.00000 -62.00912
-61.00000 -61.00913
-60.00000 -60.00915
-59.00000 -59.00917
-58.00000 -58.00918
-57.00000 -57.00920
-56.00000 -56.00922
-55.00000 -55.00925
-54.00000 -54.00928
-53.00000 -53.00932
-52.00000 -52.00935
-51.00000 -51.00939
-50.00000 -50.00944
-49.00000 -49.00949
-48.00000 -48.00956
-47.00000 -47.00962
-46.00000 -46.00970
-45.00000 -45.00978
-44.00000 -44.00990
-43.00000 -43.01000
-42.00000 -42.01014
-41.00000 -41.01028
-40.00000 -40.01044
-39.00000 -39.01064
-38.00000 -38.01086
-37.00000 -37.01112
-36.00000 -36.01140
-35.00000 -35.01175
-34.00000 -34.01213
-33.00000 -33.01259
-32.00000 -32.01311
-31.00000 -31.01373
-30.00000 -30.01444
-29.00000 -29.01528
-28.00000 -28.01628
-27.00000 -27.01744
-26.00000 -26.08772
-25.00000 -25.26764
-24.00000 -24.52645
-23.00000 -23.84503
-22.00000 -23.21121
-21.00000 -22.61622
-20.00000 -22.05362
-19.00000 -21.51875
-18.00000 -21.00796
-17.00000 -20.50827
-16.00000 -20.00883
-15.00000 -19.50965
-14.00000 -19.01075
-13.00000 -18.51215
-12.00000 -18.01384
-11.00000 -17.51587
-10.00000 -17.01825
-9.00000 -16.52101
-8.00000 -16.02419
-7.00000 -15.52781
-6.00000 -15.03193
-5.00000 -14.53661
-4.00000 -14.04186
-3.00000 -13.54778
-2.00000 -13.05444
-1.00000 -12.56189
0.00000 -12.07024
Graph #1 from AudioThread1
-100.00000 -100.00902
-99.00000 -99.00901
-98.00000 -98.00902
-97.00000 -97.00902
-96.00000 -96.00902
-95.00000 -95.00902
-94.00000 -94.00902
-93.00000 -93.00902
-92.00000 -92.00902
-91.00000 -91.00903
-90.00000 -90.00902
-89.00000 -89.00902
-88.00000 -88.00903
-87.00000 -87.00902
-86.00000 -86.00903
-85.00000 -85.00903
-84.00000 -84.00902
-83.00000 -83.00903
-82.00000 -82.00903
-81.00000 -81.00903
-80.00000 -80.00903
-79.00000 -79.00903
-78.00000 -78.00903
-77.00000 -77.00903
-76.00000 -76.00903
-75.00000 -75.00904
-74.00000 -74.00904
-73.00000 -73.00905
-72.00000 -72.00905
-71.00000 -71.00905
-70.00000 -70.00906
-69.00000 -69.00906
-68.00000 -68.00907
-67.00000 -67.00907
-66.00000 -66.00908
-65.00000 -65.00909
-64.00000 -64.00910
-63.00000 -63.00911
-62.00000 -62.00912
-61.00000 -61.00913
-60.00000 -60.00915
-59.00000 -59.00917
-58.00000 -58.00918
-57.00000 -57.00920
-56.00000 -56.00922
-55.00000 -55.00925
-54.00000 -54.00928
-53.00000 -53.00932
-52.00000 -52.00935
-51.00000 -51.00939
-50.00000 -50.00944
-49.00000 -49.00949
-48.00000 -48.00956
-47.00000 -47.00962
-46.00000 -46.00970
-45.00000 -45.00978
-44.00000 -44.00990
-43.00000 -43.01000
-42.00000 -42.01014
-41.00000 -41.01028
-40.00000 -40.01044
-39.00000 -39.01064
-38.00000 -38.01086
-37.00000 -37.01112
-36.00000 -36.01140
-35.00000 -35.01175
-34.00000 -34.01213
-33.00000 -33.01259
-32.00000 -32.01311
-31.00000 -31.01373
-30.00000 -30.01444
-29.00000 -29.01528
-28.00000 -28.01628
-27.00000 -27.01744
-26.00000 -26.08772
-25.00000 -25.26764
-24.00000 -24.52645
-23.00000 -23.84503
-22.00000 -23.21121
-21.00000 -22.61622
-20.00000 -22.05362
-19.00000 -21.51875
-18.00000 -21.00796
-17.00000 -20.50827
-16.00000 -20.00883
-15.00000 -19.50965
-14.00000 -19.01075
-13.00000 -18.51215
-12.00000 -18.01384
-11.00000 -17.51587
-10.00000 -17.01825
-9.00000 -16.52101
-8.00000 -16.02419
-7.00000 -15.52781
-6.00000 -15.03193
-5.00000 -14.53661
-4.00000 -14.04186
-3.00000 -13.54778
-2.00000 -13.05444
-1.00000 -12.56189
0.00000 -12.07024
