Graph #0 from AudioThread1
5.38330 -inf
8.07495 -2.13776
10.76660 -4.03023
13.45825 -6.02264
16.14990 -8.35785
18.84155 -11.68656
21.53320 -18.99179
24.22486 -40.89349
26.91650 -40.89349
29.60815 -54.52135
32.29980 -54.52135
34.99145 -60.93484
37.68310 -60.93484
40.37476 -65.06332
43.06640 -66.79842
45.75805 -68.34982
48.44971 -69.76187
51.14135 -69.76187
53.83299 -72.26834
59.21630 -74.39032
64.59962 -76.22543
69.98292 -77.75101
75.36620 -77.75101
80.74951 -79.45684
88.82446 -79.45684
96.89941 -72.75317
104.97437 -72.75317
113.04932 -67.15479
123.81591 -67.15479
134.58250 -70.06885
148.04074 -70.06885
161.49902 -73.23144
177.64891 -74.86739
193.79883 -76.35983
212.64032 -77.96446
231.48192 -77.96446
253.01512 -81.03976
277.24002 -82.66104
304.15646 -82.66104
333.76465 -85.92432
366.06439 -85.92432
401.05579 -88.86263
441.43054 -88.86263
484.49704 -91.99782
532.94672 -91.99782
584.08795 -95.11647
640.61267 -95.11647
705.21240 -98.31713
775.19519 -98.31713
853.25293 -101.34040
939.38599 -101.34040
1033.59387 -103.65127
1135.87634 -103.65127
1248.92566 -106.71877
1372.74170 -106.71877
1510.01489 -109.91666
1660.74805 -109.91666
1827.62964 -111.61240
2010.66211 -112.33318
2212.53516 -112.33318
2435.94287 -114.95625
2680.88403 -116.37074
2950.04858 -117.61555
3246.13037 -118.49084
3571.81885 -118.30666
3932.49976 -118.17878
4328.17139 -119.00995
4764.21875 -119.99230
5243.33301 -121.04871
5770.89551 -122.29938
6352.29199 -123.72537
6992.90283 -125.28032
7698.11768 -139.37886
8473.31250 -140.22014
9326.56836 -140.96271
10265.95508 -141.69456
11302.23535 -inf
12443.49609 -inf
13697.80176 -inf
15078.61523 -inf
16599.40820 -inf
18273.60352 -inf
20117.39648 -inf
Graph #1 from AudioThread1
5.38330 -204.51009
8.07495 -171.83717
10.76660 -149.83638
13.45825 -133.80325
16.14990 -121.84412
18.84155 -113.07189
21.53320 -107.06557
24.22486 -103.45682
26.91650 -101.61446
29.60815 -100.77840
32.29980 -100.40906
34.99145 -100.23848
37.68310 -100.15279
40.37476 -100.11185
43.06640 -100.08884
45.75805 -100.07492
48.44971 -100.06569
51.14135 -100.05897
53.83299 -100.05364
59.21630 -100.04344
64.59962 -100.03979
69.98292 -100.03640
75.36620 -100.03312
80.74951 -100.02990
88.82446 -100.02513
96.89941 -100.02140
104.97437 -100.02052
113.04932 -100.02510
123.81591 -100.02305
134.58250 -100.02106
148.04074 -100.01869
161.49902 -100.01640
177.64891 -100.01375
193.79883 -100.01162
212.64032 -100.01070
231.48192 -100.00983
253.01512 -100.00887
277.24002 -100.00785
304.15646 -100.00675
333.76465 -100.00559
366.06439 -100.00436
401.05579 -100.00364
441.43054 -100.00326
484.49704 -100.00294
532.94672 -100.00262
584.08795 -100.00230
640.61267 -100.00195
705.21240 -100.00156
775.19519 -100.00114
853.25293 -100.00069
939.38599 -100.00018
1033.59387 -100.00002
1135.87634 -99.99987
1248.92566 -99.99971
1372.74170 -99.99955
1510.01489 -99.99939
1660.74805 -99.99921
1827.62964 -99.99902
2010.66211 -99.99895
2212.53516 -99.99898
2435.94287 -99.99903
2680.88403 -99.99915
2950.04858 -99.99931
3246.13037 -99.99957
3571.81885 -99.99998
3932.49976 -100.00063
4328.17139 -100.00164
4764.21875 -100.00311
5243.33301 -100.00523
5770.89551 -100.00830
6352.29199 -100.01275
6992.90283 -100.01923
7698.11768 -100.02869
8473.31250 -100.04243
9326.56836 -100.06249
10265.95508 -100.09182
11302.23535 -100.13474
12443.49609 -100.19752
13697.80176 -100.28911
15078.61523 -100.42287
16599.40820 -100.61822
18273.60352 -100.90292
20117.39648 -101.31712
