Graph #0 from AudioThread1
5.38330 -inf
8.07495 -inf
10.76660 -inf
13.45825 -inf
16.14990 -inf
18.84155 -inf
21.53320 -5.65190
24.22486 -3.20747
26.91650 -3.20747
29.60815 -3.20747
32.29980 -3.20747
34.99145 -3.20747
37.68310 -16.45506
40.37476 -16.45506
43.06640 -16.45506
45.75805 -16.45506
48.44971 -16.45506
51.14135 -16.45506
53.83299 -16.45506
59.21630 -16.45506
64.59962 -16.45506
69.98292 -16.45506
75.36620 -16.45506
80.74951 -37.15310
88.82446 -37.15310
96.89941 -37.15310
104.97437 -37.15310
113.04932 -37.15310
123.81591 -37.15310
134.58250 -37.15310
148.04074 -37.15310
161.49902 -37.15310
177.64891 -37.15310
193.79883 -37.15310
212.64032 -64.39690
231.48192 -64.39690
253.01512 -64.39690
277.24002 -64.39690
304.15646 -64.39690
333.76465 -64.39690
366.06439 -64.39690
401.05579 -64.39690
441.43054 -64.39690
484.49704 -64.39690
532.94672 -64.39690
584.08795 -86.44051
640.61267 -86.44051
705.21240 -86.44051
775.19519 -86.44051
853.25293 -86.44051
939.38599 -86.44051
1033.59387 -86.44051
1135.87634 -86.44051
1248.92566 -86.44051
1372.74170 -86.44051
1510.01489 -86.44051
1660.74805 -107.07366
1827.62964 -107.07366
2010.66211 -107.07366
2212.53516 -107.07366
2435.94287 -107.07366
2680.88403 -107.07366
2950.04858 -107.07366
3246.13037 -107.07366
3571.81885 -107.07366
3932.49976 -107.07366
4328.17139 -107.07366
4764.21875 -136.54587
5243.33301 -136.54587
5770.89551 -136.54587
6352.29199 -136.54587
6992.90283 -136.54587
7698.11768 -136.54587
8473.31250 -136.54587
9326.56836 -136.54587
10265.95508 -136.54587
11302.23535 -136.54587
12443.49609 -136.54587
13697.80176 -inf
15078.61523 -inf
16599.40820 -inf
18273.60352 -inf
20117.39648 -inf
Graph #1 from AudioThread1
2.69198 -92.43442
5.38396 -98.36042
8.07594 -101.84248
10.76791 -104.33981
13.45989 -106.26050
16.15187 -107.81667
18.84385 -109.16377
21.53583 -110.36563
24.22781 -111.38132
26.91979 -112.40543
29.61176 -113.12222
32.30375 -113.87054
34.99573 -114.57411
37.68771 -115.17522
40.37968 -115.79748
43.07167 -116.39175
45.76364 -116.88385
48.45562 -117.36137
51.14760 -117.87774
53.83958 -118.29407
56.53155 -118.75050
59.22354 -119.15148
61.91550 -119.54520
64.60748 -119.87849
67.29947 -120.21177
69.99145 -0.32245
72.68342 -120.88416
75.37541 -121.25004
78.06738 -121.51784
80.75936 -121.88712
83.45135 -122.11765
86.14331 -122.36998
88.83529 -122.68500
91.52726 -122.93900
94.21925 -123.17684
96.91125 -123.40331
99.60323 -123.65831
102.29519 -123.85630
104.98715 -124.09251
107.67915 -124.33750
110.37112 -124.55909
113.06311 -124.65069
115.75508 -124.97678
118.44704 -125.15602
121.13905 -125.36783
123.83102 -125.47128
126.52299 -125.71878
129.21498 -125.94562
131.90695 -126.05421
134.59895 -126.27188
137.29092 -126.41286
139.98288 -125.30311
142.67488 -126.74654
145.36685 -126.94154
148.05884 -127.12820
150.75082 -127.21822
153.44283 -127.41594
156.13478 -127.64052
158.82674 -127.70143
161.51871 -127.85497
164.21068 -127.98075
166.90265 -128.22325
169.59467 -128.26945
172.28662 -128.39636
174.97864 -128.56058
177.67059 -128.69691
180.36258 -128.80894
183.05452 -128.95412
185.74654 -129.05453
188.43854 -129.16983
191.13049 -129.28600
193.82245 -129.45346
196.51450 -129.54433
199.20641 -129.61928
201.89836 -129.80443
204.59042 -129.88643
207.28238 -130.03532
209.97437 -123.37150
212.66631 -130.25739
215.35828 -130.35713
218.05025 -130.44173
220.74232 -130.54881
223.43420 -130.65295
